103 #Prescale-7 ->reject before AC tuning
104 #Prescale-7 ->reject before AC tuning
105 #Prescale-7
125 #Prescale-7
126 #Prescale-2
128 #Prescale-7
129 #Prescale-7
130 #Prescale-7
131 #Prescale-7
132 #Prescale-7
148
150
151
152
154
155
156
157
158
159
189
190
191
192
197
199
200
201
218
219
220
221
222
223
224
225
226
227
228
229
230
231
232
233 ->prescale of K beam scale: 10 
234
235
245
236
237
238
239
240
241
242
243
244
245
246
247
248
249
250
251
252
253
254
255
256
257
258
259
260
261
262
263
264
265
266
267
268
269
270
271
307
308
309
310
311
312
313
314
315
316
317
334
335
336
337
338
339
340
341
342
343
344
345
346
347
348
349
350
351
352
353
354
355
357
358
359
360
362
363
364
365
366
367
368
369
370
371
372
373
374
375
376
377
378
379
383
384
385
386
387
388
389
390
391
392
393
395
396
397
398
399
400
401
402
403
404
406
407
408
409
410
411
412
413
414
415
416
417
418
419
420
421
422
423
424
425
426
428
429
430
431
432
433
454
455
456
457
458
459
460
461
462
463
464
465
466
467
468
469
470
471
472
473
474
475
476
477
478
480
481
482
483
484
485
486
487
488
515
516
517
519
520
521
522
523
524
525
526
527
528
529
530
531
532
533
534
535
536
537
538
539
540
541
542
543
544
545
546
547
548
549
550
551
552
553
554
555
556
557
558
559
560
578
579
580
581
582
583
584
585
586
587
588
589
590
591
592
593
594
595
596
597
598
599
600
601
602
603
604
605
606
607
608
609
610
611
612
613
614
615
616
617
623
626
627
630
631
632
633
634
635
637
638
639
640
641
644
645
646
647
648
649
650
651
652
653
675
676
677
678
679
680
681
682
683
684
685
686
687
688
689
690
691
692
693
694
695
696
697
698
699
700
701
702
703
704
705
706
707
708
709
710
711
712
713
714
715
716
717
718
719
720
724
725
726
727
728
729
730
731
732
734
735
737
738
739
740
756
757
758
762
763
764
765
766
767
768
769
770
771
772
773
774
775
776
777
778
779
780
781
782
783
785
786
787
788
789
790
791
792
793
794
795
796
797
798
801
802
803
804
805
806
807
808
809
810
811
