25
27
28
30
77
78
79
80
81
82
83
84
85
86
89
90
91
106
107
108
109
110
111
112
113
114
115
137
138
139
140
141
142
143
144
145
146
147
205
206
207
208
209
210
211
212
213
214
215
296
297
298
299
300
301
302
303
304
305
306
322
323
324
325
326
327
328
330
331
332
333
438
439
440
441
442
443
444
445
446
447
448
449
450
451
452
453
493
494
495
496
498
499
500
501
502
503
504
505
506
507
508
567
568
569
570
571
572
573
574
575
576
577
657
658
659
660
661
662
663
664
665
666
667
668
669
670
671
672
673
745
746
747
748
749
750
751
752
753
754
755
