0   1    2.18021    683.232
0   2    2.04722    469.133
0   3    2.38728    571.113
0   4    2.14197    836.693
0   5    2.12708    650.936
0   6    2.11987    668.171
0   7    2.09748    783.622
0   8    2.16253    734.39
1   1    2.17838    672.345
1   2    2.03016    437.159
1   3    2.3682    553.931
1   4    2.14421    836.248
1   5    2.1169    625.724
1   6    2.13044    688.538
1   7    2.07358    748.259
1   8    2.1436    706.412
2   1    2.17894    678.039
2   2    2.03034    440.765
2   3    2.36797    553.952
2   4    2.15314    846.122
2   5    2.12923    648.945
2   6    2.14482    708.19
2   7    2.06695    740.811
2   8    2.14113    705.137
3   1    2.18476    685.731
3   2    2.03789    447.597
3   3    2.38483    570.769
3   4    2.14172    835.195
3   5    2.13822    664.044
3   6    2.13352    691.778
3   7    2.08262    764.441
3   8    2.14844    717.8
4   1    2.18784    689.958
4   2    2.04582    464.253
4   3    2.38196    569.68
4   4    2.14636    838.001
4   5    2.13414    652.127
4   6    2.13736    696.919
4   7    2.0791    753.915
4   8    2.15421    725.943
5   1    2.19318    692.791
5   2    2.03622    441.726
5   3    2.38807    579.804
5   4    2.15141    829.619
5   5    2.13439    650.302
5   6    2.12894    685.102
5   7    2.0712    738.117
5   8    2.17022    739.052
6   1    2.18125    679.426
6   2    2.06562    495.509
6   3    2.35859    550.57
6   4    2.17549    856.225
6   5    2.13246    648.198
6   6    2.13208    688.677
6   7    2.08495    761.658
6   8    2.15749    724.029
7   1    2.20479    706.518
7   2    2.03935    450.083
7   3    2.35124    560.493
7   4    2.1635    837.938
7   5    2.12645    634.553
7   6    2.14189    700.533
7   7    2.07352    739.531
7   8    2.16809    747.288
8   1    2.19423    688.715
8   2    2.0442    460.002
8   3    2.3251    557.843
8   4    2.14069    817.507
8   5    2.13383    651.181
8   6    2.13436    684.607
8   7    2.07404    738.528
8   8    2.14824    719.32
9   1    2.19096    681.708
9   2    2.03891    448.624
9   3    2.3314    560.998
9   4    2.13677    814.121
9   5    2.12754    644.664
9   6    2.13759    687.568
9   7    2.07456    737.808
9   8    2.14925    721.511
10   1    2.20196    695.069
10   2    2.03975    447.553
10   3    2.32707    557.862
10   4    2.15181    833.956
10   5    2.14107    660.782
10   6    2.13579    657.53
10   7    2.08231    749.127
10   8    2.15046    717.218
11   1    2.19589    691.513
11   2    2.04709    465.922
11   3    2.31594    544.487
11   4    2.15526    831.325
11   5    2.15033    675.176
11   6    2.15035    680.366
11   7    2.07964    753.231
11   8    2.13397    700.345
12   1    2.19347    684.328
12   2    2.05314    477.003
12   3    2.30847    547.997
12   4    2.15713    833.562
12   5    2.13523    651.621
12   6    2.14175    680.522
12   7    2.08533    761.839
12   8    2.12773    689.685
13   1    2.19233    685.644
13   2    2.04641    462.294
13   3    2.33113    580.716
13   4    2.13779    808.636
13   5    2.13073    652.907
13   6    2.1336    670.527
13   7    2.07135    738.842
13   8    2.14338    714.363
14   1    2.20151    697.214
14   2    2.03024    432.436
14   3    2.33645    579.109
14   4    2.17747    844.927
14   5    2.19166    692.563
14   6    2.13289    667.384
14   7    2.05302    718.56
14   8    2.15969    742.117
15   1    2.19351    687.128
15   2    2.04479    454.667
15   3    2.32898    574.904
15   4    2.14385    815.276
15   5    2.13728    659.183
15   6    2.13856    679.89
15   7    2.08795    761.899
15   8    2.14412    710.133
19   1    2.19066    684.047
19   2    2.0397    450.126
19   3    2.31434    558.756
19   4    2.15368    831.013
19   5    2.12624    633.359
19   6    2.13425    678.458
19   7    2.08352    757.896
19   8    2.14929    723.416
22   1    2.17056    659.307
22   2    2.03591    433.468
22   3    2.32603    561.942
22   4    2.14062    819.792
22   5    2.11116    614.838
22   6    2.13514    674.486
22   7    2.08945    775.069
22   8    2.20081    705.76
23   1    2.19176    686.725
23   2    2.04111    441.065
23   3    2.31287    545.066
23   4    2.13994    811.921
23   5    2.13    641.334
23   6    2.13329    674.742
23   7    2.08092    761.856
23   8    2.21576    731.655
24   1    2.1987    695.905
24   2    2.04593    446.325
24   3    2.32763    552.284
24   4    2.15527    833.054
24   5    2.13528    651.432
24   6    2.13359    676.394
24   7    2.08661    768.278
24   8    2.22482    744.248
25   1    2.20526    702.842
25   2    2.0468    446.194
25   3    2.32028    551.322
25   4    2.14448    819.928
25   5    2.12034    629.749
25   6    2.13472    682.373
25   7    2.08404    765.668
25   8    2.21381    726.092
26   1    2.18745    679.442
26   2    2.04011    432.528
26   3    2.30964    540.403
26   4    2.14663    815.281
26   5    2.13731    655.135
26   6    2.12445    668.92
26   7    2.07828    765.558
26   8    2.21706    736.217
27   1    2.19347    683.35
27   2    2.02861    415.183
27   3    2.33453    566.699
27   4    2.13784    805.753
27   5    2.11205    613.423
27   6    2.15484    681.356
27   7    2.07234    759.299
27   8    2.21408    728.28
28   1    2.19496    687.682
28   2    2.04589    440.796
28   3    2.32728    558.35
28   4    2.14668    821.765
28   5    2.12528    630.088
28   6    2.13374    670.91
28   7    2.07859    765.08
28   8    2.21838    740.061
29   1    2.17389    666.46
29   2    2.04726    443.857
29   3    2.32478    550.891
29   4    2.13979    812.957
29   5    2.11683    619.873
29   6    2.11991    652.251
29   7    2.06307    745.253
29   8    2.20919    729.132
30   1    2.19249    685.356
30   2    2.055    455.009
30   3    2.3263    551.041
30   4    2.14574    816.62
30   5    2.1281    635.947
30   6    2.12658    660.557
30   7    2.07751    761.973
30   8    2.18433    726.242
31   1    2.18787    678.329
31   2    2.04465    435.647
31   3    2.32538    546.033
31   4    2.13964    811.76
31   5    2.11773    625.098
31   6    2.12511    656.373
31   7    2.09271    781.495
31   8    2.17346    713.036
35   1    2.20053    697.634
35   2    2.04326    439.266
35   3    2.32272    549.014
35   4    2.14092    796.254
35   5    2.13284    653.77
35   6    2.12899    663.454
35   7    2.07605    761.727
35   8    2.17083    721.019
36   1    2.19779    693.726
36   2    2.04347    439.091
36   3    2.33189    558.563
36   4    2.1452    805.655
36   5    2.12194    632.259
36   6    2.13655    670.075
36   7    2.08149    772.847
36   8    2.17377    724.788
