1   1    2.1833    683.997
1   2    2.03929    452.625
1   3    2.37997    566.395
1   4    2.14522    837.82
1   5    2.13362    654.712
1   6    2.13526    693.758
1   7    2.08075    759.299
1   8    2.14974    718.686
2   1    2.194    693.974
2   2    2.0512    468.958
2   3    2.3674    564.482
2   4    2.16213    839.73
2   5    2.13134    644.5
2   6    2.13519    692.544
2   7    2.07692    746.214
2   8    2.1617    731.081
3   1    2.19244    684.819
3   2    2.03903    449.826
3   3    2.3284    559.522
3   4    2.13898    816.11
3   5    2.13044    647.67
3   6    2.13599    686.23
3   7    2.07439    738.279
3   8    2.14891    720.542
4   1    2.1971    689.597
4   2    2.04578    461.758
4   3    2.31822    550.878
4   4    2.15309    832.24
4   5    2.14284    663.68
4   6    2.14264    672.225
4   7    2.08406    757.045
4   8    2.14217    707.543
5   1    2.19233    685.644
5   2    2.04641    462.294
5   3    2.33081    580.272
5   4    2.13779    808.636
5   5    2.13073    652.907
5   6    2.1336    670.527
5   7    2.07135    738.842
5   8    2.14338    714.363
6   1    2.19351    687.128
6   2    2.04479    454.667
6   3    2.32898    574.904
6   4    2.14385    815.276
6   5    2.13728    659.183
6   6    2.13856    679.89
6   7    2.08795    761.899
6   8    2.14412    710.133
7   1    2.19066    684.047
7   2    2.0397    450.126
7   3    2.31434    558.756
7   4    2.15368    831.013
7   5    2.12624    633.359
7   6    2.13425    678.458
7   7    2.08352    757.896
7   8    2.14929    723.416
8   1    2.19036    684.235
8   2    2.04196    440.436
8   3    2.31213    543.996
8   4    2.14126    812.232
8   5    2.13497    649.808
8   6    2.13075    672.882
8   7    2.08012    762.587
8   8    2.21835    735.175
9   1    2.20203    699.445
9   2    2.04636    446.225
9   3    2.32356    551.718
9   4    2.14823    824.69
9   5    2.13119    646.248
9   6    2.13595    682.524
9   7    2.08526    766.908
9   8    2.22089    736.867
10   1    2.19347    683.35
10   2    2.02861    415.183
10   3    2.33453    566.699
10   4    2.13784    805.753
10   5    2.11205    613.423
10   6    2.15484    681.356
10   7    2.07234    759.299
10   8    2.21408    728.28
11   1    2.192    684.028
11   2    2.04911    444.896
11   3    2.32511    550.095
11   4    2.14155    813.084
11   5    2.12254    629.047
11   6    2.1283    662.436
11   7    2.08511    771.855
11   8    2.18505    719.009
12   1    2.20053    697.634
12   2    2.04326    439.266
12   3    2.32272    549.014
12   4    2.14092    796.254
12   5    2.13284    653.77
12   6    2.12899    663.454
12   7    2.07605    761.727
12   8    2.17083    721.019
13   1    2.19779    693.726
13   2    2.04347    439.091
13   3    2.33189    558.563
13   4    2.1452    805.655
13   5    2.12194    632.259
13   6    2.13655    670.075
13   7    2.08149    772.847
13   8    2.17377    724.788
