1   1    3.19105    78.9377
1   2    3.01267    8.71875
1   3    3.09865    43.3772
1   4    3.15135    76.7079
1   5    3.15465    55.7721
1   6    3.10764    61.271
1   7    3.06551    38.684
1   8    3.12849    52.9434
2   1    3.20734    87.0004
2   2    3.03127    20.0753
2   3    3.12928    50.1798
2   4    3.17713    77.8127
2   5    3.15756    54.6396
2   6    3.10628    59.1288
2   7    3.06914    36.8415
2   8    3.14148    58.0736
3   1    3.1974    80.786
3   2    3.01521    8.50641
3   3    3.15225    42.6533
3   4    3.14906    72.3265
3   5    3.14868    48.1392
3   6    3.10886    61.8953
3   7    3.06144    30.2374
3   8    3.12989    55.8734
4   1    3.21297    88.0603
4   2    3.02757    15.7945
4   3    3.14936    38.7054
4   4    3.17174    83.992
4   5    3.16561    57.9537
4   6    3.11728    66.1006
4   7    3.08521    46.8919
4   8    3.12349    51.0597
5   1    3.19899    81.9143
5   2    3.02422    15.7746
5   3    3.1615    48.6074
5   4    3.14527    70.5243
5   5    3.14156    47.0947
5   6    3.10937    62.3226
5   7    3.06656    36.1794
5   8    3.1246    53.7389
6   1    3.20468    85.7844
6   2    3.02105    10.895
6   3    3.15828    44.4218
6   4    3.14638    69.7422
6   5    3.16699    61.9005
6   6    3.11635    66.846
6   7    3.08095    42.5651
6   8    3.12522    51.7146
7   1    3.19163    79.6851
7   2    3.02437    15.6451
7   3    3.13484    34.5135
7   4    3.16257    81.2425
7   5    3.17664    62.075
7   6    3.10623    61.996
7   7    3.06627    34.303
7   8    3.12731    54.9439
8   1    3.19708    80.9453
8   2    3.01464    9.48593
8   3    3.14919    37.9408
8   4    3.15084    72.3688
8   5    3.14644    48.1358
8   6    3.10862    63.8394
8   7    3.06345    33.8603
8   8    3.21402    58.8774
9   1    3.21362    90.8899
9   2    3.01658    10.2841
9   3    3.16387    46.1315
9   4    3.15542    75.6677
9   5    3.14917    52.0566
9   6    3.10528    61.396
9   7    3.07921    39.9261
9   8    3.21207    56.3425
10   1    3.23763    97.2335
10   2    3.00031    -7.74671
10   3    3.21615    66.7583
10   4    3.16361    76.4764
10   5    3.13814    43.8413
10   6    3.1397    77.1622
10   7    3.06302    31.4199
10   8    3.22413    57.009
11   1    3.19331    78.5241
11   2    3.0218    10.8354
11   3    3.15841    40.7677
11   4    3.15091    73.0108
11   5    3.15445    53.0226
11   6    3.10138    58.4652
11   7    3.07481    37.3536
11   8    3.18348    56.0756
12   1    3.19882    81.232
12   2    3.01717    10.7345
12   3    3.16666    48.5106
12   4    3.14689    69.5964
12   5    3.14878    55.0026
12   6    3.09729    56.3517
12   7    3.06156    29.1737
12   8    3.16463    59.8804
13   1    3.20594    87.7577
13   2    3.00979    4.82356
13   3    3.17543    54.247
13   4    3.16036    79.1123
13   5    3.15294    56.7088
13   6    3.11321    65.5505
13   7    3.07699    40.1573
13   8    3.15231    52.3637
