0   1    3.17164    67.8529
0   2    3.01596    13.4877
0   3    3.11099    52.7377
0   4    3.15317    79.708
0   5    3.13477    40.4533
0   6    3.07815    43.6993
0   7    3.08615    52.307
0   8    3.16122    72.9847
1   1    3.17934    69.2138
1   2    3.01306    11.1708
1   3    3.07245    28.8472
1   4    3.15187    78.8329
1   5    3.12823    37.3234
1   6    3.09786    54.8571
1   7    3.05352    31.7764
1   8    3.12917    50.5449
2   1    3.17748    70.9649
2   2    2.99935    0.903758
2   3    3.07674    31.2181
2   4    3.18011    91.4932
2   5    3.14816    51.5555
2   6    3.11998    70.4614
2   7    3.06146    36.3579
2   8    3.11511    42.7015
3   1    3.1892    76.762
3   2    3.01648    9.54712
3   3    3.10462    47.4282
3   4    3.14774    75.4274
3   5    3.15988    61.326
3   6    3.1059    59.8807
3   7    3.06511    38.554
3   8    3.12919    53.676
4   1    3.19389    81.8331
4   2    3.01435    9.31216
4   3    3.11148    50.6263
4   4    3.15146    75.1728
4   5    3.15826    56.7686
4   6    3.11245    64.3382
4   7    3.0688    40.0754
4   8    3.13035    54.3046
5   1    3.19998    81.1926
5   2    3.0168    7.30826
5   3    3.12484    53.1617
5   4    3.16233    72.0114
5   5    3.16893    62.97
5   6    3.09625    53.5305
5   7    3.06982    38.4769
5   8    3.14771    61.7598
6   1    3.1954    80.6913
6   2    3.03877    27.9043
6   3    3.14158    58.0044
6   4    3.1754    73.2436
6   5    3.15687    54.2674
6   6    3.11078    61.9241
6   7    3.05582    31.2637
6   8    3.14467    58.0291
7   1    3.21907    93.5023
7   2    3.03501    24.1978
7   3    3.12831    41.6175
7   4    3.18963    83.3647
7   5    3.15703    54.6657
7   6    3.11364    62.3202
7   7    3.06935    37.1106
7   8    3.14122    59.3186
8   1    3.20033    83.6405
8   2    3.01663    10.9003
8   3    3.15179    44.4514
8   4    3.15242    74.116
8   5    3.15124    49.6565
8   6    3.10247    58.7101
8   7    3.05767    28.3298
8   8    3.12563    53.1467
9   1    3.19756    80.4208
9   2    3.01517    7.17128
9   3    3.15378    41.7746
9   4    3.14482    70.1445
9   5    3.14509    45.8981
9   6    3.11127    63.1994
9   7    3.06445    31.5288
9   8    3.13273    58.0529
10   1    3.21894    92.5435
10   2    3.0097    1.38138
10   3    3.17078    51.234
10   4    3.17126    85.8369
10   5    3.16043    55.3491
10   6    3.11286    61.8021
10   7    3.07749    38.7198
10   8    3.13185    55.3423
11   1    3.23188    101.383
11   2    3.02102    10.4844
11   3    3.14049    32.7415
11   4    3.16853    79.5185
11   5    3.17555    66.5466
11   6    3.13651    79.4712
11   7    3.07892    43.1417
11   8    3.12185    50.9918
12   1    3.20015    79.2271
12   2    3.04976    35.6111
12   3    3.15079    41.9892
12   4    3.16551    81.2418
12   5    3.1535    49.4232
12   6    3.11452    66.4534
12   7    3.08924    52.1839
12   8    3.11227    43.3026
13   1    3.19899    81.9143
13   2    3.02422    15.7746
13   3    3.1615    48.6074
13   4    3.14527    70.5243
13   5    3.14156    47.0947
13   6    3.10937    62.3226
13   7    3.06656    36.1794
13   8    3.1246    53.7389
14   1    3.21725    90.447
14   2    3.00603    -3.23008
14   3    2.0699    -703.145
14   4    2.11435    -1121.97
14   5    3.15309    41.0944
14   6    3.11888    63.5761
14   7    3.10176    66.6316
14   8    3.12017    48.5565
15   1    3.20468    85.7844
15   2    3.02105    10.895
15   3    3.15828    44.4218
15   4    3.14638    69.7422
15   5    3.16699    61.9005
15   6    3.11635    66.846
15   7    3.08095    42.5651
15   8    3.12522    51.7146
19   1    3.19163    79.6851
19   2    3.02437    15.6451
19   3    3.13484    34.5135
19   4    3.16257    81.2425
19   5    3.17664    62.075
19   6    3.10623    61.996
19   7    3.06627    34.303
19   8    3.12731    54.9439
22   1    3.18267    71.6265
22   2    3.02008    15.1847
22   3    3.1706    53.7912
22   4    3.15756    83.2061
22   5    3.13154    40.3018
22   6    3.11901    72.0367
22   7    3.08746    49.9482
22   8    3.1903    40.9788
23   1    3.20629    86.9617
23   2    3.01627    11.2543
23   3    3.15044    39.52
23   4    3.15056    73.2404
23   5    3.14975    49.6174
23   6    3.11065    64.5414
23   7    3.06226    33.5382
23   8    3.2139    58.2
24   1    3.2002    83.441
24   2    3.01562    9.75556
24   3    3.17396    51.8759
24   4    3.16167    79.663
24   5    3.15835    56.233
24   6    3.10817    63.3484
24   7    3.07983    41.9048
24   8    3.21133    57.5198
25   1    3.22253    96.1408
25   2    3.01847    11.3952
25   3    3.15659    41.7832
25   4    3.14929    72.0452
25   5    3.13562    44.1874
25   6    3.10223    59.0805
25   7    3.077    37.1965
25   8    3.20658    51.5639
26   1    3.17975    69.7531
26   2    3.0145    7.27475
26   3    3.13173    25.3665
26   4    3.1529    70.9677
26   5    3.16217    58.7601
26   6    3.10727    64.6566
26   7    3.07261    37.6287
26   8    3.22686    65.4274
27   1    3.23763    97.2335
27   2    3.00031    -7.74671
27   3    3.21615    66.7583
27   4    3.16361    76.4764
27   5    3.13814    43.8413
27   6    3.1397    77.1622
27   7    3.06302    31.4199
27   8    3.22413    57.009
28   1    3.19372    77.8908
28   2    3.01694    7.88938
28   3    3.15708    40.6298
28   4    3.14829    70.9838
28   5    3.15704    53.4245
28   6    3.10809    62.3953
28   7    3.07373    37.735
28   8    3.21337    61.713
29   1    3.18177    74.1464
29   2    3.00801    3.92544
29   3    3.16405    45.3579
29   4    3.14749    73.5713
29   5    3.15424    52.1792
29   6    3.08926    50.7088
29   7    3.03598    15.3746
29   8    3.20202    54.7238
30   1    3.19101    78.2085
30   2    3.02566    13.9102
30   3    3.15777    40.1707
30   4    3.15898    76.999
30   5    3.1647    60.5877
30   6    3.10116    58.5536
30   7    3.06714    31.8011
30   8    3.17971    59.8166
31   1    3.19257    78.511
31   2    3.02438    12.0993
31   3    3.15855    39.7891
31   4    3.14834    72.4167
31   5    3.1402    46.0192
31   6    3.09425    53.7281
31   7    3.08719    44.1906
31   8    3.16235    50.052
35   1    3.19882    81.232
35   2    3.01717    10.7345
35   3    3.16666    48.5106
35   4    3.14689    69.5964
35   5    3.14878    55.0026
35   6    3.09729    56.3517
35   7    3.06156    29.1737
35   8    3.16463    59.8804
36   1    3.20594    87.7577
36   2    3.00979    4.82356
36   3    3.17543    54.247
36   4    3.16036    79.1123
36   5    3.15294    56.7088
36   6    3.11321    65.5505
36   7    3.07699    40.1573
36   8    3.15231    52.3637
