1   1    6.76141    111.899
1   2    6.40477    61.8009
1   3    6.26166    75.9506
1   4    6.64693    108.631
1   5    6.71001    78.5584
1   6    6.64315    98.9989
1   7    6.58032    86.6583
1   8    6.66148    88.3884
2   1    6.79144    115.166
2   2    6.44414    66.547
2   3    6.34646    79.3081
2   4    6.71095    110.178
2   5    6.71915    78.2504
2   6    6.64571    98.9089
2   7    6.59262    85.8249
2   8    6.70632    92.8983
3   1    6.78296    113.658
3   2    6.4108    61.1325
3   3    6.45746    76.5721
3   4    6.64049    105.866
3   5    6.69936    75.1213
3   6    6.62734    96.642
3   7    6.58544    82.9781
3   8    6.66447    89.5504
4   1    6.80337    116.037
4   2    6.43322    64.7276
4   3    6.45041    74.6689
4   4    6.68539    111.182
4   5    6.73579    79.7646
4   6    6.66508    101.519
4   7    6.62473    89.6984
4   8    6.64431    86.7496
5   1    6.77734    113.305
5   2    6.43106    65.5478
5   3    6.49019    80.6761
5   4    6.64172    106.327
5   5    6.71724    79.8873
5   6    6.63812    98.4228
5   7    6.57475    85.2022
5   8    6.66506    90.4139
6   1    6.78488    114.275
6   2    6.43606    64.5434
6   3    6.4668    76.4762
6   4    6.66005    107.675
6   5    6.74339    83.105
6   6    6.66058    102.176
6   7    6.61744    89.8708
6   8    6.65752    88.1059
7   1    6.77398    113.343
7   2    6.40392    61.4955
7   3    6.40811    70.2538
7   4    6.67192    110.553
7   5    6.72884    77.9646
7   6    6.60385    93.6136
7   7    6.59461    84.739
7   8    6.68483    93.9122
8   1    6.77908    113.035
8   2    6.39989    60.7682
8   3    6.45654    73.7652
8   4    6.63631    104.329
8   5    6.7393    82.3112
8   6    6.64897    100.592
8   7    6.60218    86.395
8   8    6.85296    92.5329
9   1    6.80887    117.358
9   2    6.40455    61.9882
9   3    6.47816    76.5132
9   4    6.65251    107.319
9   5    6.70967    78.8258
9   6    6.63107    97.9203
9   7    6.62011    88.4773
9   8    6.83496    89.1939
10   1    6.80945    115.947
10   2    6.37805    54.8094
10   3    6.54914    85.1072
10   4    6.67854    109.632
10   5    6.67074    72.2249
10   6    6.70982    105.832
10   7    6.59073    84.8377
10   8    6.8884    93.5007
11   1    6.76978    111.855
11   2    6.4282    63.5662
11   3    6.47363    74.9137
11   4    6.65114    107.053
11   5    6.70233    76.5956
11   6    6.62269    96.6861
11   7    6.62005    87.5914
11   8    6.7866    90.767
12   1    6.79055    115.132
12   2    6.41226    62.5424
12   3    6.48948    78.5768
12   4    6.63717    104.718
12   5    6.69275    77.8851
12   6    6.61989    96.8495
12   7    6.60278    84.8223
12   8    6.73699    91.7361
13   1    6.79645    116.003
13   2    6.40523    61.3651
13   3    6.50746    81.1871
13   4    6.65745    108.811
13   5    6.66842    73.3472
13   6    6.6607    102.37
13   7    6.59199    82.825
13   8    6.71958    88.8651
