0   1    6.72934    109.07
0   2    6.39045    61.2617
0   3    6.28175    79.9222
0   4    6.63435    108.562
0   5    6.74254    83.4761
0   6    6.58987    91.7838
0   7    6.63444    94.8718
0   8    6.69674    93.2167
1   1    6.73798    107.434
1   2    6.42854    66.8632
1   3    6.20539    69.2295
1   4    6.63584    107.34
1   5    6.62197    64.4072
1   6    6.63096    96.8876
1   7    6.54428    81.2406
1   8    6.64907    85.7651
2   1    6.74482    109.49
2   2    6.38063    58.7511
2   3    6.22497    71.2585
2   4    6.66199    110.808
2   5    6.69817    76.017
2   6    6.61868    95.1875
2   7    6.57095    85.215
2   8    6.63223    83.7879
3   1    6.76857    112.726
3   2    6.40707    61.3906
3   3    6.27055    77.0895
3   4    6.63581    107.477
3   5    6.72802    82.105
3   6    6.6408    98.8125
3   7    6.58752    87.7484
3   8    6.66328    88.8482
4   1    6.7683    113.134
4   2    6.42929    65.6671
4   3    6.28629    78.6037
4   4    6.65016    108.568
4   5    6.72905    81.1074
4   6    6.64547    99.2233
4   7    6.57992    86.3541
4   8    6.66743    89.4411
5   1    6.78902    114.468
5   2    6.42088    61.258
5   3    6.31964    80.3447
5   4    6.68301    107.602
5   5    6.7082    76.9433
5   6    6.63705    98.5302
5   7    6.59256    84.5024
5   8    6.74492    98.4038
6   1    6.75451    110.914
6   2    6.4892    75.5058
6   3    6.38225    85.1477
6   4    6.74695    114.61
6   5    6.72245    78.5917
6   6    6.62804    96.2527
6   7    6.6039    88.4795
6   8    6.69845    91.3252
7   1    6.81917    118.695
7   2    6.46083    71.5653
7   3    6.33991    72.4639
7   4    6.75148    115.938
7   5    6.73379    80.4959
7   6    6.67033    101.488
7   7    6.56909    83.3027
7   8    6.70991    94.6346
8   1    6.77905    113.503
8   2    6.4113    61.9381
8   3    6.45669    77.4596
8   4    6.64567    106.555
8   5    6.70109    75.2666
8   6    6.60479    93.7479
8   7    6.57237    82.1291
8   8    6.66048    89.0684
9   1    6.78501    113.641
9   2    6.413    60.7221
9   3    6.46727    77.1346
9   4    6.63551    105.211
9   5    6.69812    75.0245
9   6    6.63234    96.6476
9   7    6.58683    82.6723
9   8    6.67565    91.2391
10   1    6.81546    117.775
10   2    6.44091    63.8438
10   3    6.47504    77.7876
10   4    6.67234    109.809
10   5    6.74174    80.2661
10   6    6.64562    98.2378
10   7    6.62439    86.71
10   8    6.67409    90.2336
11   1    6.83048    120.655
11   2    6.41608    62.2689
11   3    6.42745    71.2599
11   4    6.69148    111.219
11   5    6.77102    85.5721
11   6    6.71344    107.861
11   7    6.59837    87.447
11   8    6.64608    88.2467
12   1    6.77343    111.176
12   2    6.43803    67.3297
12   3    6.46313    77.3233
12   4    6.69155    112.542
12   5    6.7143    76.2457
12   6    6.66353    101.927
12   7    6.61543    90.6171
12   8    6.61458    82.2676
13   1    6.77734    113.305
13   2    6.43106    65.5478
13   3    6.49019    80.6761
13   4    6.64172    106.327
13   5    6.71724    79.8873
13   6    6.63812    98.4228
13   7    6.57475    85.2022
13   8    6.66506    90.4139
14   1    6.75383    110.657
14   2    6.35613    49.2541
14   3    4.77559    -334.614
14   4    6.84186    124.466
14   5    7.14786    113.481
14   6    6.61281    93.3444
14   7    6.55327    80.4916
14   8    6.67913    90.9989
15   1    6.78488    114.275
15   2    6.43606    64.5434
15   3    6.4668    76.4762
15   4    6.66005    107.675
15   5    6.74339    83.105
15   6    6.66058    102.176
15   7    6.61744    89.8708
15   8    6.65752    88.1059
19   1    6.77398    113.343
19   2    6.40392    61.4955
19   3    6.40811    70.2538
19   4    6.67192    110.553
19   5    6.72884    77.9646
19   6    6.60385    93.6136
19   7    6.59461    84.739
19   8    6.68483    93.9122
22   1    6.70544    101.796
22   2    6.42204    65.7458
22   3    6.50776    83.4438
22   4    6.65084    109.822
22   5    6.7326    82.1584
22   6    6.66596    103.016
22   7    6.65461    92.9368
22   8    6.82533    86.8723
23   1    6.79114    114.508
23   2    6.39336    60.3409
23   3    6.45786    74.0413
23   4    6.63432    104.586
23   5    6.74767    83.3977
23   6    6.65228    100.734
23   7    6.59823    85.8214
23   8    6.84837    91.7823
24   1    6.78473    114.067
24   2    6.39938    60.9576
24   3    6.49831    79.8782
24   4    6.6785    111.087
24   5    6.69889    75.6328
24   6    6.64729    100.923
24   7    6.60639    86.8362
24   8    6.85185    92.6268
25   1    6.83197    120.476
25   2    6.40992    63.0326
25   3    6.47096    74.8534
25   4    6.62667    103.435
25   5    6.69879    78.2663
25   6    6.62078    95.9985
25   7    6.63205    89.817
25   8    6.83355    88.2324
26   1    6.75171    109.729
26   2    6.41544    61.8184
26   3    6.44239    71.6807
26   4    6.6523    105.25
26   5    6.72831    80.7335
26   6    6.64101    100.227
26   7    6.61423    88.18
26   8    6.87759    96.2436
27   1    6.80945    115.947
27   2    6.37805    54.8094
27   3    6.54914    85.1072
27   4    6.67854    109.632
27   5    6.67074    72.2249
27   6    6.70982    105.832
27   7    6.59073    84.8377
27   8    6.8884    93.5007
28   1    6.76995    111.623
28   2    6.42118    62.5806
28   3    6.48325    76.9982
28   4    6.63937    105.311
28   5    6.71604    77.4337
28   6    6.63801    98.7699
28   7    6.61349    87.9392
28   8    6.83915    92.5098
29   1    6.75817    111.277
29   2    6.41133    61.0235
29   3    6.47523    74.7908
29   4    6.65005    107.249
29   5    6.69294    74.6902
29   6    6.59841    93.4765
29   7    6.55273    79.726
29   8    6.84864    93.1192
30   1    6.76444    111.498
30   2    6.4241    63.3863
30   3    6.47157    74.0221
30   4    6.66662    108.767
30   5    6.70706    77.0628
30   6    6.61899    96.3184
30   7    6.586    83.1067
30   8    6.775    91.6678
31   1    6.76797    111.851
31   2    6.43087    63.922
31   3    6.47895    75.0374
31   4    6.64569    106.742
31   5    6.69216    76.3554
31   6    6.59768    92.6112
31   7    6.64647    89.5769
31   8    6.74681    88.3109
35   1    6.79055    115.132
35   2    6.41226    62.5424
35   3    6.48948    78.5768
35   4    6.63717    104.718
35   5    6.69275    77.8851
35   6    6.61989    96.8495
35   7    6.60278    84.8223
35   8    6.73699    91.7361
36   1    6.79645    116.003
36   2    6.40523    61.3651
36   3    6.50746    81.1871
36   4    6.65745    108.811
36   5    6.66842    73.3472
36   6    6.6607    102.37
36   7    6.59199    82.825
36   8    6.71958    88.8651
