66c66
< NumSMP: 10
---
> NumSMP: 11
1398c1398
<    1  16  18   18      8   19   1   0    BLC2b-L1W19
---
>    1  16  18   18      8   19  1   0    BLC2b-L1W19
1403,1411c1403,1411
<    1  16  23   18      8   24   1   0    BLC2b-L1W24
<    1  16  24   18      8   25   1   0    BLC2b-L1W25
<    1  16  25   18      8   26   1   0    BLC2b-L1W26
<    1  16  26   18      8   27   1   0    BLC2b-L1W27
<    1  16  27   18      8   28   1   0    BLC2b-L1W28
<    1  16  28   18      8   29   1   0    BLC2b-L1W29
<    1  16  29   18      8   30   1   0    BLC2b-L1W30
<    1  16  30   18      8   31   1   0    BLC2b-L1W31
<    1  16  31   18      8   32   1   0    BLC2b-L1W32
---
>    1  16  23   18      8   24 1   0    BLC2b-L1W24
>    1  16  24   18      8   25  1   0    BLC2b-L1W25
>    1  16  25   18      8   26  1   0    BLC2b-L1W26
>    1  16  26   18      8   27  1   0    BLC2b-L1W27
>    1  16  27   18      8   28  1   0    BLC2b-L1W28
>    1  16  28   18      8   29  1   0    BLC2b-L1W29
>    1  16  29   18      8   30  1   0    BLC2b-L1W30
>    1  16  30   18      8   31  1   0    BLC2b-L1W31
>    1  16  31   18      8   32  1   0    BLC2b-L1W32
